004993
008184
009143
014722
020699
023599
026246
037639
038178
039203
041415
041566
042870
047065
054461
061449
061632
063005
063045
064119
069349
073247
085720
085759
093459
103099
115447
117967
124537
129621
154913
156038
165658
173436
177515
204199
209732
212256
218766
219775
225992
230781
238074
238904
244866
246824
263430
267617
274325
275298
281625
288929
300557
306544
312525
329077
336307
336385
336804
342164
345787
346199
355827
357359
357606
362308
371219
376588
384663
389637
391458
396781
403935
416591
421763
431754
441671
441900
446520
455450
462585
463761
463903
464058
465977
479427
485245
492384
492553
504950
507345
507476
513831
516373
520679
528178
531930
542937
543395
546414
550663
555210
568066
568502
573415
584581
584962
585581
601498
607982
610428
610890
616044
619570
621701
631061
637403
645592
647972
650907
657914
661839
662436
663637
667952
670125
674607
679083
682178
686958
689779
690426
693073
701295
707499
720285
724015
729100
729294
731352
741227
742738
742995
745650
745769
754477
754723
756919
757995
773211
777873
781923
786871
787456
788219
804045
807970
810957
812323
814771
818036
818803
819924
821739
824436
825248
833667
835624
838496
841532
843534
843996
857858
863260
863973
871747
872053
875110
881485
882222
891085
896492
901287
904799
907341
915554
920811
924086
926026
941317
955737
964622
965002
973648
981414
984553
987778
988824
990619
994274